10 0 clueweb09-en0000-01-21462 1
10 0 clueweb09-en0000-02-00469 0
10 0 clueweb09-en0000-02-25067 1
10 0 clueweb09-en0000-02-25080 1
10 0 clueweb09-en0000-02-33884 1
10 0 clueweb09-en0000-03-35193 1
10 0 clueweb09-en0000-05-06551 1
10 0 clueweb09-en0000-06-28312 1
10 0 clueweb09-en0000-06-31942 1
10 0 clueweb09-en0000-07-18476 1
10 0 clueweb09-en0000-07-28855 1
10 0 clueweb09-en0000-07-28856 1
10 0 clueweb09-en0000-07-28857 1
10 0 clueweb09-en0000-18-28703 0
10 0 clueweb09-en0000-23-00193 0
10 0 clueweb09-en0000-23-00194 0
10 0 clueweb09-en0000-27-31626 2
10 0 clueweb09-en0000-43-16967 0
10 0 clueweb09-en0000-43-16978 0
10 0 clueweb09-en0000-51-21323 1
10 0 clueweb09-en0000-51-29797 1
10 0 clueweb09-en0000-52-29137 0
10 0 clueweb09-en0000-58-00646 0
10 0 clueweb09-en0000-58-00649 0
10 0 clueweb09-en0000-58-00732 0
10 0 clueweb09-en0000-61-26101 0
10 0 clueweb09-en0000-69-07261 0
10 0 clueweb09-en0000-70-16947 0
10 0 clueweb09-en0000-71-06224 0
10 0 clueweb09-en0000-73-24374 1
10 0 clueweb09-en0000-77-11325 0
10 0 clueweb09-en0000-92-27444 2
10 0 clueweb09-en0000-95-28646 0
10 0 clueweb09-en0000-95-28647 0
10 0 clueweb09-en0000-95-28660 0
10 0 clueweb09-en0001-09-22625 1
10 0 clueweb09-en0001-09-22649 1
10 0 clueweb09-en0001-09-22655 1
10 0 clueweb09-en0001-14-09672 0
10 0 clueweb09-en0001-18-31898 0
10 0 clueweb09-en0001-18-32008 0
10 0 clueweb09-en0001-18-32681 0
10 0 clueweb09-en0001-22-11051 0
10 0 clueweb09-en0001-22-11054 0
10 0 clueweb09-en0001-40-20387 1
10 0 clueweb09-en0001-40-20393 1
10 0 clueweb09-en0001-43-24713 0
10 0 clueweb09-en0001-54-19761 0
10 0 clueweb09-en0001-66-18804 0
10 0 clueweb09-en0001-66-18807 0
10 0 clueweb09-en0001-66-18808 0
10 0 clueweb09-en0001-66-18810 0
10 0 clueweb09-en0001-67-26663 0
10 0 clueweb09-en0001-72-14382 0
10 0 clueweb09-en0001-85-26958 2
10 0 clueweb09-en0001-85-26969 1
10 0 clueweb09-en0001-89-32990 0
10 0 clueweb09-en0001-94-02257 1
10 0 clueweb09-en0001-97-18973 0
10 0 clueweb09-en0001-98-01610 1
10 0 clueweb09-en0002-01-17223 1
10 0 clueweb09-en0002-03-19996 0
10 0 clueweb09-en0002-15-23935 1
10 0 clueweb09-en0002-15-23952 0
10 0 clueweb09-en0002-15-23953 2
10 0 clueweb09-en0002-19-29536 0
10 0 clueweb09-en0002-19-29537 0
10 0 clueweb09-en0002-19-29538 0
10 0 clueweb09-en0002-19-29554 0
10 0 clueweb09-en0002-19-29562 0
10 0 clueweb09-en0002-19-29568 0
10 0 clueweb09-en0002-19-29570 0
10 0 clueweb09-en0002-19-29594 0
10 0 clueweb09-en0002-19-29595 0
10 0 clueweb09-en0002-19-29597 0
10 0 clueweb09-en0002-19-29605 0
10 0 clueweb09-en0002-19-29614 0
10 0 clueweb09-en0002-19-29628 0
10 0 clueweb09-en0002-19-29662 0
10 0 clueweb09-en0002-19-29733 0
10 0 clueweb09-en0002-19-29740 0
10 0 clueweb09-en0002-41-14824 0
10 0 clueweb09-en0002-49-15118 0
10 0 clueweb09-en0002-77-27784 1
10 0 clueweb09-en0002-99-00691 0
10 0 clueweb09-en0003-00-05464 0
10 0 clueweb09-en0003-07-27266 0
10 0 clueweb09-en0003-09-06210 0
10 0 clueweb09-en0003-13-14874 0
10 0 clueweb09-en0003-13-15012 0
10 0 clueweb09-en0003-37-08109 0
10 0 clueweb09-en0003-55-07729 0
10 0 clueweb09-en0003-67-03310 0
10 0 clueweb09-en0003-70-18242 0
10 0 clueweb09-en0003-70-18243 0
10 0 clueweb09-en0004-14-05046 0
10 0 clueweb09-en0004-22-32626 0
10 0 clueweb09-en0004-26-21427 0
10 0 clueweb09-en0004-28-00281 0
10 0 clueweb09-en0004-29-07527 0
10 0 clueweb09-en0004-41-04645 0
10 0 clueweb09-en0004-58-04904 0
10 0 clueweb09-en0004-58-04909 0
10 0 clueweb09-en0004-58-21279 1
10 0 clueweb09-en0004-58-21286 1
10 0 clueweb09-en0004-58-21290 1
10 0 clueweb09-en0004-58-21303 1
10 0 clueweb09-en0004-58-21308 2
10 0 clueweb09-en0004-58-21319 1
10 0 clueweb09-en0004-58-21334 2
10 0 clueweb09-en0004-58-21339 1
10 0 clueweb09-en0004-58-21340 1
10 0 clueweb09-en0004-58-21344 1
10 0 clueweb09-en0004-58-21361 1
10 0 clueweb09-en0004-58-21373 1
10 0 clueweb09-en0004-58-21375 2
10 0 clueweb09-en0004-58-21396 1
10 0 clueweb09-en0004-58-21412 1
10 0 clueweb09-en0004-58-21413 2
10 0 clueweb09-en0004-58-21428 1
10 0 clueweb09-en0004-58-21486 1
10 0 clueweb09-en0004-58-21503 1
10 0 clueweb09-en0004-58-21530 1
10 0 clueweb09-en0004-58-21566 2
10 0 clueweb09-en0004-58-21567 1
10 0 clueweb09-en0004-58-21586 2
10 0 clueweb09-en0004-58-21605 1
10 0 clueweb09-en0004-58-21669 1
10 0 clueweb09-en0004-58-21677 1
10 0 clueweb09-en0004-58-21681 1
10 0 clueweb09-en0004-60-02241 1
10 0 clueweb09-en0004-62-24406 0
10 0 clueweb09-en0004-68-04360 1
10 0 clueweb09-en0004-69-06480 0
10 0 clueweb09-en0004-77-15242 0
10 0 clueweb09-en0004-82-12306 2
10 0 clueweb09-en0004-82-12313 1
10 0 clueweb09-en0004-97-00040 1
10 0 clueweb09-en0005-02-39300 0
10 0 clueweb09-en0005-02-39304 2
10 0 clueweb09-en0005-02-39313 0
10 0 clueweb09-en0005-02-39318 0
10 0 clueweb09-en0005-08-29706 1
10 0 clueweb09-en0005-08-29707 1
10 0 clueweb09-en0005-08-29708 1
10 0 clueweb09-en0005-08-29709 1
10 0 clueweb09-en0005-08-29722 2
10 0 clueweb09-en0005-08-29723 2
10 0 clueweb09-en0005-08-29724 2
10 0 clueweb09-en0005-08-29726 2
10 0 clueweb09-en0005-08-29727 1
10 0 clueweb09-en0005-08-29728 1
10 0 clueweb09-en0005-08-29735 1
10 0 clueweb09-en0005-08-29736 2
10 0 clueweb09-en0005-47-05498 0
10 0 clueweb09-en0005-77-01169 1
10 0 clueweb09-en0005-85-12503 0
10 0 clueweb09-en0005-98-13925 0
10 0 clueweb09-en0006-07-40454 0
10 0 clueweb09-en0006-19-03196 1
10 0 clueweb09-en0006-26-26574 0
10 0 clueweb09-en0006-26-26576 0
10 0 clueweb09-en0006-26-26623 0
10 0 clueweb09-en0006-26-26626 0
10 0 clueweb09-en0006-26-26632 0
10 0 clueweb09-en0006-26-26651 0
10 0 clueweb09-en0006-27-34356 0
10 0 clueweb09-en0006-38-38305 0
10 0 clueweb09-en0006-39-34119 0
10 0 clueweb09-en0006-40-12687 0
10 0 clueweb09-en0006-52-13354 1
10 0 clueweb09-en0006-68-27098 0
10 0 clueweb09-en0006-72-12632 0
10 0 clueweb09-en0006-81-09702 0
10 0 clueweb09-en0006-88-42231 1
10 0 clueweb09-en0007-09-36296 0
10 0 clueweb09-en0007-20-03729 1
10 0 clueweb09-en0007-20-03813 0
10 0 clueweb09-en0007-20-03825 1
10 0 clueweb09-en0007-21-06706 1
10 0 clueweb09-en0007-26-33126 0
10 0 clueweb09-en0007-45-13886 1
10 0 clueweb09-en0007-45-13897 1
10 0 clueweb09-en0007-45-13906 1
10 0 clueweb09-en0007-59-08173 0
10 0 clueweb09-en0007-60-29595 2
10 0 clueweb09-en0007-66-23539 0
10 0 clueweb09-en0007-77-27603 0
10 0 clueweb09-en0007-90-25506 0
10 0 clueweb09-en0007-94-02032 1
10 0 clueweb09-en0007-94-02033 2
10 0 clueweb09-en0008-08-09366 1
10 0 clueweb09-en0008-08-33914 1
10 0 clueweb09-en0008-15-23173 0
10 0 clueweb09-en0008-29-05259 0
10 0 clueweb09-en0008-66-06215 2
10 0 clueweb09-en0009-02-04510 0
10 0 clueweb09-en0009-02-04515 0
10 0 clueweb09-en0009-11-21683 1
10 0 clueweb09-en0009-14-23509 2
10 0 clueweb09-en0009-14-23510 2
10 0 clueweb09-en0009-14-23511 2
10 0 clueweb09-en0009-15-36339 0
10 0 clueweb09-en0009-28-27170 0
10 0 clueweb09-en0009-35-15008 0
10 0 clueweb09-en0009-68-23412 1
10 0 clueweb09-en0009-68-23441 0
10 0 clueweb09-en0009-69-05549 0
10 0 clueweb09-en0010-02-17611 2
10 0 clueweb09-en0010-16-12086 0
10 0 clueweb09-en0010-30-11022 0
10 0 clueweb09-en0010-32-00592 0
10 0 clueweb09-en0010-42-20516 1
10 0 clueweb09-en0010-42-20537 0
10 0 clueweb09-en0010-42-20539 0
10 0 clueweb09-en0010-42-20540 0
10 0 clueweb09-en0010-43-39073 0
10 0 clueweb09-en0010-44-25654 1
10 0 clueweb09-en0010-82-27748 0
10 0 clueweb09-en0010-98-25031 1
10 0 clueweb09-en0011-09-30997 0
10 0 clueweb09-en0011-10-02807 0
10 0 clueweb09-en0011-49-22569 0
10 0 clueweb09-en0011-58-18759 0
10 0 clueweb09-en0011-61-40088 0
10 0 clueweb09-en0011-68-08948 0
10 0 clueweb09-en0011-69-11971 0
10 0 clueweb09-en0011-92-19171 0
10 0 clueweb09-enwp00-01-10387 0
10 0 clueweb09-enwp00-11-12131 0
10 0 clueweb09-enwp00-41-24854 0
10 0 clueweb09-enwp00-44-07692 0
10 0 clueweb09-enwp00-45-08683 0
10 0 clueweb09-enwp00-47-07382 0
10 0 clueweb09-enwp00-48-25207 0
10 0 clueweb09-enwp00-48-25208 0
10 0 clueweb09-enwp00-52-06127 0
10 0 clueweb09-enwp00-57-21306 0
10 0 clueweb09-enwp00-57-24981 0
10 0 clueweb09-enwp00-59-08033 0
10 0 clueweb09-enwp00-67-00131 0
10 0 clueweb09-enwp00-68-00773 0
10 0 clueweb09-enwp00-93-10525 0
10 0 clueweb09-enwp01-10-02632 0
10 0 clueweb09-enwp01-15-05276 0
10 0 clueweb09-enwp01-20-07692 0
10 0 clueweb09-enwp01-53-08147 0
10 0 clueweb09-enwp01-66-12840 0
10 0 clueweb09-enwp01-69-12407 0
10 0 clueweb09-enwp01-70-11437 0
10 0 clueweb09-enwp01-75-13930 0
10 0 clueweb09-enwp01-83-15841 0
10 0 clueweb09-enwp01-89-12090 0
10 0 clueweb09-enwp02-01-04457 0
12 0 clueweb09-en0000-00-01559 0
12 0 clueweb09-en0000-00-03983 0
12 0 clueweb09-en0000-00-04866 0
12 0 clueweb09-en0000-00-32500 0
12 0 clueweb09-en0000-00-32501 0
12 0 clueweb09-en0000-00-32513 0
12 0 clueweb09-en0000-00-32514 0
12 0 clueweb09-en0000-00-32520 0
12 0 clueweb09-en0000-00-34130 0
12 0 clueweb09-en0000-01-15252 0
12 0 clueweb09-en0000-01-15253 0
12 0 clueweb09-en0000-01-15254 0
12 0 clueweb09-en0000-05-31785 0
12 0 clueweb09-en0000-05-31787 0
12 0 clueweb09-en0000-08-01788 0
12 0 clueweb09-en0000-13-29841 0
12 0 clueweb09-en0000-13-29842 0
12 0 clueweb09-en0000-18-13280 0
12 0 clueweb09-en0000-19-26475 1
12 0 clueweb09-en0000-19-26478 1
12 0 clueweb09-en0000-21-16833 0
12 0 clueweb09-en0000-21-16898 0
12 0 clueweb09-en0000-21-16899 0
12 0 clueweb09-en0000-23-07743 0
12 0 clueweb09-en0000-27-32269 1
12 0 clueweb09-en0000-27-32270 1
12 0 clueweb09-en0000-36-01495 0
12 0 clueweb09-en0000-42-24694 0
12 0 clueweb09-en0000-47-01143 0
12 0 clueweb09-en0000-49-13021 0
12 0 clueweb09-en0000-55-26781 0
12 0 clueweb09-en0000-59-05056 0
12 0 clueweb09-en0001-15-14606 0
12 0 clueweb09-en0001-15-14607 0
12 0 clueweb09-en0001-25-05147 2
12 0 clueweb09-en0001-39-01517 1
12 0 clueweb09-en0001-41-14820 0
12 0 clueweb09-en0001-93-33250 0
12 0 clueweb09-en0002-02-02656 0
12 0 clueweb09-en0002-22-30192 0
12 0 clueweb09-en0002-33-15711 1
12 0 clueweb09-en0002-44-25142 1
12 0 clueweb09-en0002-47-10804 0
12 0 clueweb09-en0002-47-14901 0
12 0 clueweb09-en0002-48-21302 0
12 0 clueweb09-en0002-52-06245 0
12 0 clueweb09-en0002-67-09428 0
12 0 clueweb09-en0002-70-27507 0
12 0 clueweb09-en0002-76-33427 0
12 0 clueweb09-en0003-02-28619 0
12 0 clueweb09-en0003-03-18598 0
12 0 clueweb09-en0003-27-09226 0
12 0 clueweb09-en0003-51-11048 0
12 0 clueweb09-en0003-54-10099 0
12 0 clueweb09-en0003-55-28244 0
12 0 clueweb09-en0003-56-24576 0
12 0 clueweb09-en0003-65-25981 0
12 0 clueweb09-en0003-67-00877 0
12 0 clueweb09-en0003-71-36817 2
12 0 clueweb09-en0003-71-36819 0
12 0 clueweb09-en0003-95-05514 1
12 0 clueweb09-en0004-02-18126 1
12 0 clueweb09-en0004-02-18127 0
12 0 clueweb09-en0004-02-18128 1
12 0 clueweb09-en0004-09-06983 2
12 0 clueweb09-en0004-09-06987 2
12 0 clueweb09-en0004-09-06992 2
12 0 clueweb09-en0004-47-08796 1
12 0 clueweb09-en0004-63-31995 1
12 0 clueweb09-en0004-63-32194 1
12 0 clueweb09-en0004-63-32620 1
12 0 clueweb09-en0004-63-32676 2
12 0 clueweb09-en0004-63-32680 1
12 0 clueweb09-en0004-63-33346 1
12 0 clueweb09-en0004-63-33527 0
12 0 clueweb09-en0004-63-33547 0
12 0 clueweb09-en0004-89-22102 2
12 0 clueweb09-en0004-89-22103 2
12 0 clueweb09-en0004-92-17973 1
12 0 clueweb09-en0004-92-17976 1
12 0 clueweb09-en0005-10-28552 0
12 0 clueweb09-en0005-27-36927 0
12 0 clueweb09-en0005-27-36928 0
12 0 clueweb09-en0005-53-38251 0
12 0 clueweb09-en0005-60-21690 1
12 0 clueweb09-en0005-70-26176 1
12 0 clueweb09-en0005-70-26177 1
12 0 clueweb09-en0005-70-26182 1
12 0 clueweb09-en0005-70-26190 1
12 0 clueweb09-en0005-70-26197 1
12 0 clueweb09-en0005-70-26208 1
12 0 clueweb09-en0005-70-26211 1
12 0 clueweb09-en0005-70-26213 1
12 0 clueweb09-en0005-70-26222 2
12 0 clueweb09-en0005-76-08939 0
12 0 clueweb09-en0005-89-18654 0
12 0 clueweb09-en0006-02-09272 1
12 0 clueweb09-en0006-02-09280 1
12 0 clueweb09-en0006-05-07261 0
12 0 clueweb09-en0006-22-24676 0
12 0 clueweb09-en0006-28-11419 0
12 0 clueweb09-en0006-28-12520 0
12 0 clueweb09-en0006-31-15631 1
12 0 clueweb09-en0006-31-15640 1
12 0 clueweb09-en0006-31-15646 2
12 0 clueweb09-en0006-31-15660 1
12 0 clueweb09-en0006-31-15682 1
12 0 clueweb09-en0006-33-01005 2
12 0 clueweb09-en0006-33-01009 2
12 0 clueweb09-en0006-33-01011 1
12 0 clueweb09-en0006-33-01013 2
12 0 clueweb09-en0006-33-01018 2
12 0 clueweb09-en0006-33-01020 2
12 0 clueweb09-en0006-35-14979 1
12 0 clueweb09-en0006-58-24263 1
12 0 clueweb09-en0006-58-24267 1
12 0 clueweb09-en0006-60-30774 1
12 0 clueweb09-en0006-64-10530 0
12 0 clueweb09-en0006-75-31464 1
12 0 clueweb09-en0006-75-31595 1
12 0 clueweb09-en0006-88-15194 0
12 0 clueweb09-en0006-93-03245 1
12 0 clueweb09-en0007-01-28078 1
12 0 clueweb09-en0007-03-11366 0
12 0 clueweb09-en0007-24-16722 2
12 0 clueweb09-en0007-24-16723 2
12 0 clueweb09-en0007-24-16724 2
12 0 clueweb09-en0007-24-16725 2
12 0 clueweb09-en0007-24-16726 2
12 0 clueweb09-en0007-24-16886 1
12 0 clueweb09-en0007-24-16904 1
12 0 clueweb09-en0007-24-16944 1
12 0 clueweb09-en0007-24-16951 2
12 0 clueweb09-en0007-24-16970 1
12 0 clueweb09-en0007-24-18145 2
12 0 clueweb09-en0007-24-18146 1
12 0 clueweb09-en0007-24-18161 1
12 0 clueweb09-en0007-24-18217 1
12 0 clueweb09-en0007-24-18245 2
12 0 clueweb09-en0007-24-18268 1
12 0 clueweb09-en0007-24-18286 1
12 0 clueweb09-en0007-24-18301 1
12 0 clueweb09-en0007-24-18306 1
12 0 clueweb09-en0007-24-18325 1
12 0 clueweb09-en0007-24-18343 1
12 0 clueweb09-en0007-24-18378 1
12 0 clueweb09-en0007-24-18379 1
12 0 clueweb09-en0007-24-18393 1
12 0 clueweb09-en0007-24-18471 1
12 0 clueweb09-en0007-24-18473 1
12 0 clueweb09-en0007-24-18476 1
12 0 clueweb09-en0007-24-18572 1
12 0 clueweb09-en0007-24-18573 1
12 0 clueweb09-en0007-29-06113 1
12 0 clueweb09-en0007-31-00663 0
12 0 clueweb09-en0007-39-16542 2
12 0 clueweb09-en0007-39-21119 1
12 0 clueweb09-en0007-39-22558 1
12 0 clueweb09-en0007-39-22602 1
12 0 clueweb09-en0007-39-22649 1
12 0 clueweb09-en0007-39-22680 1
12 0 clueweb09-en0007-39-22682 2
12 0 clueweb09-en0007-39-22691 2
12 0 clueweb09-en0007-39-22749 2
12 0 clueweb09-en0007-39-22750 1
12 0 clueweb09-en0007-39-22771 1
12 0 clueweb09-en0007-39-22787 1
12 0 clueweb09-en0007-39-22888 1
12 0 clueweb09-en0007-39-22983 2
12 0 clueweb09-en0007-39-22992 2
12 0 clueweb09-en0007-39-23006 1
12 0 clueweb09-en0007-39-23143 1
12 0 clueweb09-en0007-39-23148 1
12 0 clueweb09-en0007-39-23237 1
12 0 clueweb09-en0007-39-23397 1
12 0 clueweb09-en0007-39-23468 1
12 0 clueweb09-en0007-39-23513 1
12 0 clueweb09-en0007-39-24308 1
12 0 clueweb09-en0007-39-24314 1
12 0 clueweb09-en0007-39-24320 1
12 0 clueweb09-en0007-39-24332 2
12 0 clueweb09-en0007-39-24388 1
12 0 clueweb09-en0007-39-24397 1
12 0 clueweb09-en0007-39-24422 1
12 0 clueweb09-en0007-39-24611 2
12 0 clueweb09-en0007-39-24626 1
12 0 clueweb09-en0007-39-24642 1
12 0 clueweb09-en0007-39-24662 1
12 0 clueweb09-en0007-39-24701 1
12 0 clueweb09-en0007-42-04600 0
12 0 clueweb09-en0007-69-33547 0
12 0 clueweb09-en0007-82-02531 0
12 0 clueweb09-en0007-82-02543 0
12 0 clueweb09-en0007-86-35866 0
12 0 clueweb09-en0007-86-35869 0
12 0 clueweb09-en0007-86-35952 0
12 0 clueweb09-en0007-86-35976 0
12 0 clueweb09-en0008-11-03960 1
12 0 clueweb09-en0008-11-04012 1
12 0 clueweb09-en0008-12-08428 0
12 0 clueweb09-en0008-48-31314 0
12 0 clueweb09-en0008-65-43615 0
12 0 clueweb09-en0008-83-28832 1
12 0 clueweb09-en0009-00-17769 2
12 0 clueweb09-en0009-04-30415 2
12 0 clueweb09-en0009-04-30419 1
12 0 clueweb09-en0009-04-30421 1
12 0 clueweb09-en0009-04-30435 2
12 0 clueweb09-en0009-04-34552 1
12 0 clueweb09-en0009-04-34579 1
12 0 clueweb09-en0009-04-34583 1
12 0 clueweb09-en0009-04-34589 1
12 0 clueweb09-en0009-04-34610 1
12 0 clueweb09-en0009-04-34618 1
12 0 clueweb09-en0009-28-27657 0
12 0 clueweb09-en0009-39-29797 1
12 0 clueweb09-en0009-39-29813 1
12 0 clueweb09-en0009-39-29821 1
12 0 clueweb09-en0009-39-29832 1
12 0 clueweb09-en0009-39-29847 1
12 0 clueweb09-en0009-39-29851 1
12 0 clueweb09-en0009-39-29855 1
12 0 clueweb09-en0009-39-29861 1
12 0 clueweb09-en0009-62-00437 1
12 0 clueweb09-en0009-72-36661 1
12 0 clueweb09-en0009-72-36975 1
12 0 clueweb09-en0009-72-36981 1
12 0 clueweb09-en0009-77-31223 0
12 0 clueweb09-en0009-77-31225 0
12 0 clueweb09-en0009-77-31226 0
12 0 clueweb09-en0009-77-31227 0
12 0 clueweb09-en0009-89-11532 2
12 0 clueweb09-en0009-89-11534 2
12 0 clueweb09-en0009-89-11540 2
12 0 clueweb09-en0009-89-11542 0
12 0 clueweb09-en0009-89-11543 0
12 0 clueweb09-en0009-89-11544 1
12 0 clueweb09-en0009-89-11548 0
12 0 clueweb09-en0009-89-11550 2
12 0 clueweb09-en0009-91-11894 0
12 0 clueweb09-en0010-04-02324 0
12 0 clueweb09-en0010-34-09950 0
12 0 clueweb09-en0010-46-23342 0
12 0 clueweb09-en0010-46-23355 0
12 0 clueweb09-en0010-52-23599 0
12 0 clueweb09-en0010-82-05911 1
12 0 clueweb09-en0010-84-06526 0
12 0 clueweb09-en0010-89-22646 2
12 0 clueweb09-en0010-89-22660 2
12 0 clueweb09-en0010-91-11171 1
12 0 clueweb09-en0011-24-09951 0
12 0 clueweb09-en0011-25-01929 0
12 0 clueweb09-en0011-78-00514 2
12 0 clueweb09-en0011-78-02718 2
12 0 clueweb09-en0011-82-17636 0
12 0 clueweb09-en0011-98-37394 0
12 0 clueweb09-enwp00-10-00619 0
12 0 clueweb09-enwp00-40-25187 0
12 0 clueweb09-enwp00-41-21864 0
12 0 clueweb09-enwp00-42-01332 0
12 0 clueweb09-enwp00-43-17613 0
12 0 clueweb09-enwp00-44-19401 0
12 0 clueweb09-enwp00-47-19143 0
12 0 clueweb09-enwp00-51-00995 0
12 0 clueweb09-enwp00-51-03427 0
12 0 clueweb09-enwp00-51-19191 0
12 0 clueweb09-enwp00-52-01505 0
12 0 clueweb09-enwp00-54-10720 0
12 0 clueweb09-enwp00-55-00779 0
12 0 clueweb09-enwp00-55-18573 0
12 0 clueweb09-enwp00-55-18599 0
12 0 clueweb09-enwp00-56-12213 0
12 0 clueweb09-enwp00-57-18435 0
12 0 clueweb09-enwp00-57-18473 0
12 0 clueweb09-enwp00-64-00225 0
12 0 clueweb09-enwp00-73-00225 0
12 0 clueweb09-enwp00-85-00899 0
12 0 clueweb09-enwp01-22-16054 0
12 0 clueweb09-enwp01-31-03045 2
12 0 clueweb09-enwp01-35-01006 0
12 0 clueweb09-enwp01-38-00225 0
12 0 clueweb09-enwp01-41-15640 0
12 0 clueweb09-enwp01-60-13332 2
12 0 clueweb09-enwp01-64-08508 0
12 0 clueweb09-enwp01-68-03944 0
12 0 clueweb09-enwp01-91-18567 0
12 0 clueweb09-enwp02-05-02572 2
12 0 clueweb09-enwp02-13-06846 0
12 0 clueweb09-enwp02-22-01189 0
12 0 clueweb09-enwp03-02-13859 2
12 0 clueweb09-enwp03-28-02471 0
26 0 clueweb09-en0000-00-03491 0
26 0 clueweb09-en0000-04-00579 1
26 0 clueweb09-en0000-04-01322 1
26 0 clueweb09-en0000-09-08810 0
26 0 clueweb09-en0000-09-08859 1
26 0 clueweb09-en0000-09-09260 0
26 0 clueweb09-en0000-09-24139 0
26 0 clueweb09-en0000-10-08336 0
26 0 clueweb09-en0000-11-01286 0
26 0 clueweb09-en0000-11-36454 0
26 0 clueweb09-en0000-13-02825 0
26 0 clueweb09-en0000-17-01012 0
26 0 clueweb09-en0000-17-26052 0
26 0 clueweb09-en0000-25-32612 0
26 0 clueweb09-en0000-32-03992 2
26 0 clueweb09-en0000-32-03999 0
26 0 clueweb09-en0000-36-01506 0
26 0 clueweb09-en0000-37-12755 0
26 0 clueweb09-en0000-40-13378 0
26 0 clueweb09-en0000-41-26576 0
26 0 clueweb09-en0000-46-35454 0
26 0 clueweb09-en0000-53-29762 0
26 0 clueweb09-en0000-56-19359 0
26 0 clueweb09-en0000-66-05341 0
26 0 clueweb09-en0000-67-16225 0
26 0 clueweb09-en0000-90-10551 0
26 0 clueweb09-en0000-98-11418 0
26 0 clueweb09-en0001-17-15996 1
26 0 clueweb09-en0001-18-32088 0
26 0 clueweb09-en0001-20-13960 1
26 0 clueweb09-en0001-28-23732 1
26 0 clueweb09-en0001-44-46502 1
26 0 clueweb09-en0001-44-46503 2
26 0 clueweb09-en0001-66-14262 0
26 0 clueweb09-en0001-80-10580 1
26 0 clueweb09-en0002-22-01742 0
26 0 clueweb09-en0002-22-04826 0
26 0 clueweb09-en0002-43-06943 0
26 0 clueweb09-en0002-53-30927 2
26 0 clueweb09-en0002-83-01353 0
26 0 clueweb09-en0002-86-07544 0
26 0 clueweb09-en0002-87-12988 0
26 0 clueweb09-en0002-98-20575 0
26 0 clueweb09-en0002-98-20577 0
26 0 clueweb09-en0002-98-20578 0
26 0 clueweb09-en0003-02-19631 0
26 0 clueweb09-en0003-10-18518 0
26 0 clueweb09-en0003-11-24669 0
26 0 clueweb09-en0003-20-17325 0
26 0 clueweb09-en0003-27-25448 1
26 0 clueweb09-en0003-37-21357 0
26 0 clueweb09-en0003-37-21358 1
26 0 clueweb09-en0003-37-21359 0
26 0 clueweb09-en0003-37-21360 0
26 0 clueweb09-en0003-37-21363 0
26 0 clueweb09-en0003-46-17278 0
26 0 clueweb09-en0003-63-01674 0
26 0 clueweb09-en0003-63-27987 0
26 0 clueweb09-en0003-71-08651 0
26 0 clueweb09-en0003-74-12212 1
26 0 clueweb09-en0003-74-34498 0
26 0 clueweb09-en0003-91-08725 0
26 0 clueweb09-en0003-91-09031 0
26 0 clueweb09-en0003-91-11151 0
26 0 clueweb09-en0003-98-28176 0
26 0 clueweb09-en0004-02-17099 1
26 0 clueweb09-en0004-12-24914 0
26 0 clueweb09-en0004-12-24936 0
26 0 clueweb09-en0004-23-05501 0
26 0 clueweb09-en0004-27-03658 0
26 0 clueweb09-en0004-35-05727 0
26 0 clueweb09-en0004-40-15791 0
26 0 clueweb09-en0004-45-01782 0
26 0 clueweb09-en0004-53-12263 0
26 0 clueweb09-en0004-56-11923 1
26 0 clueweb09-en0004-62-19157 1
26 0 clueweb09-en0004-68-19169 0
26 0 clueweb09-en0004-71-11288 0
26 0 clueweb09-en0004-73-26349 0
26 0 clueweb09-en0004-89-18068 1
26 0 clueweb09-en0005-00-02852 0
26 0 clueweb09-en0005-00-02878 0
26 0 clueweb09-en0005-00-02884 1
26 0 clueweb09-en0005-00-02955 1
26 0 clueweb09-en0005-00-03009 0
26 0 clueweb09-en0005-00-03022 0
26 0 clueweb09-en0005-00-03040 0
26 0 clueweb09-en0005-08-41696 1
26 0 clueweb09-en0005-18-00954 0
26 0 clueweb09-en0005-22-07875 1
26 0 clueweb09-en0005-25-07474 0
26 0 clueweb09-en0005-26-29648 0
26 0 clueweb09-en0005-30-30612 0
26 0 clueweb09-en0005-30-34026 1
26 0 clueweb09-en0005-30-34557 1
26 0 clueweb09-en0005-56-01195 1
26 0 clueweb09-en0005-65-31815 1
26 0 clueweb09-en0005-65-31831 0
26 0 clueweb09-en0005-66-17780 0
26 0 clueweb09-en0005-75-10536 0
26 0 clueweb09-en0005-84-26344 0
26 0 clueweb09-en0005-86-01985 0
26 0 clueweb09-en0005-96-19362 0
26 0 clueweb09-en0005-96-26279 0
26 0 clueweb09-en0005-99-40204 0
26 0 clueweb09-en0006-02-26282 2
26 0 clueweb09-en0006-09-21062 0
26 0 clueweb09-en0006-09-21064 1
26 0 clueweb09-en0006-09-21075 0
26 0 clueweb09-en0006-18-26426 0
26 0 clueweb09-en0006-41-10203 0
26 0 clueweb09-en0006-45-25246 0
26 0 clueweb09-en0006-57-16381 0
26 0 clueweb09-en0006-66-04640 0
26 0 clueweb09-en0006-76-14732 0
26 0 clueweb09-en0006-90-31853 0
26 0 clueweb09-en0007-01-13970 1
26 0 clueweb09-en0007-13-30425 0
26 0 clueweb09-en0007-15-40215 2
26 0 clueweb09-en0007-20-34255 0
26 0 clueweb09-en0007-27-13492 0
26 0 clueweb09-en0007-27-25690 0
26 0 clueweb09-en0007-27-31942 1
26 0 clueweb09-en0007-27-32114 1
26 0 clueweb09-en0007-27-32254 1
26 0 clueweb09-en0007-32-33911 0
26 0 clueweb09-en0007-34-26709 0
26 0 clueweb09-en0007-34-32094 0
26 0 clueweb09-en0007-51-19895 0
26 0 clueweb09-en0007-51-19898 0
26 0 clueweb09-en0007-51-19957 0
26 0 clueweb09-en0007-53-00517 0
26 0 clueweb09-en0007-53-00551 0
26 0 clueweb09-en0007-57-19603 1
26 0 clueweb09-en0007-77-18006 0
26 0 clueweb09-en0007-96-14118 0
26 0 clueweb09-en0007-97-30153 1
26 0 clueweb09-en0008-08-14534 0
26 0 clueweb09-en0008-09-11818 0
26 0 clueweb09-en0008-09-11828 0
26 0 clueweb09-en0008-09-11833 1
26 0 clueweb09-en0008-09-11852 0
26 0 clueweb09-en0008-09-11853 2
26 0 clueweb09-en0008-16-40507 1
26 0 clueweb09-en0008-18-07252 0
26 0 clueweb09-en0008-18-32277 0
26 0 clueweb09-en0008-22-22055 0
26 0 clueweb09-en0008-22-28944 1
26 0 clueweb09-en0008-24-10533 0
26 0 clueweb09-en0008-51-25951 1
26 0 clueweb09-en0008-56-28855 0
26 0 clueweb09-en0008-61-14382 1
26 0 clueweb09-en0008-80-03417 0
26 0 clueweb09-en0008-80-03421 1
26 0 clueweb09-en0008-80-03424 0
26 0 clueweb09-en0008-86-18099 0
26 0 clueweb09-en0009-01-37618 0
26 0 clueweb09-en0009-03-09293 1
26 0 clueweb09-en0009-20-14391 0
26 0 clueweb09-en0009-40-22225 1
26 0 clueweb09-en0009-49-19077 0
26 0 clueweb09-en0009-52-28013 0
26 0 clueweb09-en0009-53-28387 0
26 0 clueweb09-en0009-56-02276 1
26 0 clueweb09-en0009-57-43610 1
26 0 clueweb09-en0009-64-01781 1
26 0 clueweb09-en0009-66-14061 0
26 0 clueweb09-en0009-76-21380 0
26 0 clueweb09-en0009-76-21475 0
26 0 clueweb09-en0009-76-21544 0
26 0 clueweb09-en0009-76-21547 0
26 0 clueweb09-en0009-77-10899 0
26 0 clueweb09-en0009-85-33132 0
26 0 clueweb09-en0010-04-32254 0
26 0 clueweb09-en0010-08-24862 0
26 0 clueweb09-en0010-23-28469 0
26 0 clueweb09-en0010-50-03602 1
26 0 clueweb09-en0010-57-09562 0
26 0 clueweb09-en0010-62-08948 0
26 0 clueweb09-en0010-62-25524 0
26 0 clueweb09-en0010-75-02171 0
26 0 clueweb09-en0010-77-17289 0
26 0 clueweb09-en0010-79-07209 1
26 0 clueweb09-en0010-79-07921 0
26 0 clueweb09-en0010-79-08258 1
26 0 clueweb09-en0010-88-27640 0
26 0 clueweb09-en0011-09-07090 0
26 0 clueweb09-en0011-17-15925 0
26 0 clueweb09-en0011-32-11680 0
26 0 clueweb09-en0011-32-11681 0
26 0 clueweb09-en0011-36-24924 0
26 0 clueweb09-en0011-40-07863 0
26 0 clueweb09-en0011-49-22832 0
26 0 clueweb09-en0011-53-40714 0
26 0 clueweb09-en0011-58-19323 0
26 0 clueweb09-en0011-58-19607 0
26 0 clueweb09-en0011-58-20029 0
26 0 clueweb09-en0011-59-18993 1
26 0 clueweb09-en0011-68-21774 1
26 0 clueweb09-en0011-68-21788 1
26 0 clueweb09-en0011-68-21789 1
26 0 clueweb09-en0011-94-03897 0
26 0 clueweb09-en0011-98-01614 1
26 0 clueweb09-en0011-99-23972 1
26 0 clueweb09-enwp00-01-19814 0
26 0 clueweb09-enwp00-02-10824 1
26 0 clueweb09-enwp00-04-19866 0
26 0 clueweb09-enwp00-22-04525 0
26 0 clueweb09-enwp00-23-09526 1
26 0 clueweb09-enwp00-25-10150 1
26 0 clueweb09-enwp00-26-09119 1
26 0 clueweb09-enwp00-26-09141 1
26 0 clueweb09-enwp00-29-09599 1
26 0 clueweb09-enwp00-29-21954 0
26 0 clueweb09-enwp00-30-09674 1
26 0 clueweb09-enwp00-30-09685 1
26 0 clueweb09-enwp00-31-09883 1
26 0 clueweb09-enwp00-32-03242 1
26 0 clueweb09-enwp00-33-09646 1
26 0 clueweb09-enwp00-36-03612 1
26 0 clueweb09-enwp00-37-09773 1
26 0 clueweb09-enwp00-44-10661 0
26 0 clueweb09-enwp00-54-12724 0
26 0 clueweb09-enwp00-59-16228 0
26 0 clueweb09-enwp00-65-01717 0
26 0 clueweb09-enwp00-82-22880 1
26 0 clueweb09-enwp00-83-11659 2
26 0 clueweb09-enwp00-86-14884 0
26 0 clueweb09-enwp00-87-12716 2
26 0 clueweb09-enwp00-88-12104 0
26 0 clueweb09-enwp00-88-12131 0
26 0 clueweb09-enwp00-89-13332 1
26 0 clueweb09-enwp00-96-12292 1
26 0 clueweb09-enwp00-98-12447 1
26 0 clueweb09-enwp01-01-10150 1
26 0 clueweb09-enwp01-12-13484 0
26 0 clueweb09-enwp01-12-13498 1
26 0 clueweb09-enwp01-20-10661 0
26 0 clueweb09-enwp01-23-08760 0
26 0 clueweb09-enwp01-24-16423 1
26 0 clueweb09-enwp01-27-18122 1
26 0 clueweb09-enwp01-32-16104 2
26 0 clueweb09-enwp01-48-15996 1
26 0 clueweb09-enwp01-63-11080 1
26 0 clueweb09-enwp01-71-08782 1
26 0 clueweb09-enwp01-76-15822 0
26 0 clueweb09-enwp01-77-08856 2
26 0 clueweb09-enwp01-77-14696 2
26 0 clueweb09-enwp01-78-09119 1
26 0 clueweb09-enwp01-78-09141 1
26 0 clueweb09-enwp01-84-15467 1
26 0 clueweb09-enwp01-91-06874 2
26 0 clueweb09-enwp02-01-07171 0
26 0 clueweb09-enwp02-08-00431 2
26 0 clueweb09-enwp02-23-15904 2
26 0 clueweb09-enwp03-08-22573 1
26 0 clueweb09-enwp03-14-22415 0